35 24
36 9
36 10
36 11
36 12
36 13
36 14
36 15
36 16
36 24
37 9
37 10
37 15
37 16
37 24
37 25
38 9
38 10
38 15
38 16
38 24
38 25
39 9
39 10
39 15
39 16
39 24
39 25
40 9
40 10
40 15
40 16
40 24
40 25
41 9
41 10
41 15
41 16
41 24
42 9
42 10
42 16
42 17
42 23
42 24
43 9
43 10
43 17
43 18
43 22
43 23
44 19
44 20
48 29
49 27
50 23
50 24
50 25
50 26
56 24
57 9
57 10
57 11
57 12
57 13
57 14
57 15
57 16
57 24
58 9
58 10
58 15
58 16
58 24
58 25
59 9
59 10
59 15
59 16
59 24
59 25
60 9
60 10
60 15
60 16
60 24
60 25
61 9
61 10
61 15
61 16
61 24
61 25
62 9
62 10
62 15
62 16
62 24
63 9
63 10
63 16
63 17
63 23
63 24
64 9
64 10
64 17
64 18
64 22
64 23
65 19
65 20
